1000 500
800 150
486 158
251 226
235 36
19 185
645 176
102 116
720 96
287 104
791 30
1 9
41 113
172 52
287 139
629 152
550 220
876 32
756 38
424 128
414 243
769 195
809 162
756 122
225 132
910 45
654 119
730 14
916 196
686 5
905 57
775 168
449 207
845 152
130 206
549 122
65 147
308 70
542 227
107 167
460 120
488 120
632 218
162 71
825 50
457 99
516 83
538 233
235 68
874 236
357 218
966 175
95 173
1 25
42 240
109 109
478 4
322 200
519 213
363 235
685 197
779 71
404 54
222 68
405 242
61 97
872 13
536 28
653 218
309 140
998 196
550 169
367 79
642 123
709 239
935 7
178 145
299 215
383 186
926 22
617 141
902 238
366 241
809 42
680 20
715 119
888 31
210 118
490 6
494 104
211 200
945 32
847 140
676 245
765 231
371 104
942 235
576 126
768 60
680 239
856 52
831 146
13 98
352 145
247 106
54 199
331 209
199 250
595 179
761 229
831 213
798 235
461 126
786 126
113 231
383 218
214 72
418 215
960 80
434 124
673 208
17 91
191 6
535 70
797 37
850 47
132 231
457 150
24 95
176 245
711 240
162 60
773 28
857 184
56 87
293 42
132 82
438 164
232 176
462 77
622 132
713 165
313 6
701 171
414 190
178 128
436 228
755 92
274 62
647 215
607 183
115 44
956 92
767 55
880 41
273 82
245 105
961 237
156 60
248 163
891 174
400 30
472 78
241 8
823 247
780 139
181 182
522 146
801 240
29 40
222 34
888 53
288 219
379 202
216 48
720 128
758 108
787 223
332 231
976 29
268 156
938 109
356 201
291 212
102 10
543 72
975 76
145 34
984 117
413 25
503 53
12 236
309 13
492 50
179 142
149 72
929 198
249 88
900 138
147 42
214 106
32 191
473 42
157 178
701 60
714 173
759 205
466 227
877 70
62 210
780 159
855 212
651 62
699 208
350 52
906 97
536 167
457 189
467 112
522 218
241 169
725 237
314 2
422 192
502 192
599 235
696 33
696 58
616 200
250 146
593 217
234 10
799 130
842 44
362 18
787 217
953 105
957 13
704 120
163 232
215 59
841 115
921 14
962 140
284 140
207 66
74 128
358 192
485 226
844 53
268 98
803 133
144 74
193 113
843 201
759 107
470 162
674 203
193 245
633 138
554 228
706 92
634 231
205 65
968 120
319 51
34 237
810 123
587 31
83 4
711 181
841 195
498 34
629 119
857 192
168 14
456 162
391 227
642 91
562 199
350 111
846 234
707 135
915 9
363 45
77 101
544 177
960 169
138 43
85 90
204 246
406 106
831 13
455 48
746 224
435 18
602 97
833 134
642 60
604 101
450 108
784 34
951 97
388 245
685 193
437 224
78 141
902 95
993 12
86 108
726 92
540 22
154 181
990 124
825 149
506 197
979 26
973 41
386 33
724 214
186 72
313 163
6 117
229 69
925 102
443 66
188 5
684 86
60 93
843 27
972 136
512 100
991 202
234 236
198 230
152 61
472 237
704 217
34 81
182 184
600 62
667 228
664 39
482 103
730 225
961 76
26 204
6 224
310 120
98 93
903 9
596 2
69 126
558 153
585 104
766 93
69 38
325 185
138 86
809 160
485 119
923 21
595 12
233 181
522 156
765 82
934 28
505 214
365 106
458 64
155 53
839 78
11 77
661 17
675 150
369 73
944 13
376 44
575 40
796 110
292 200
227 164
626 80
934 233
795 94
997 246
322 53
878 189
704 84
834 142
713 232
244 204
848 158
548 223
581 174
225 197
609 124
804 203
536 88
282 240
484 184
985 30
467 57
139 216
106 24
254 76
880 70
828 101
822 230
504 229
424 6
981 82
533 136
972 36
524 172
104 107
885 9
166 192
656 103
227 158
982 13
933 232
684 114
944 114
841 109
966 51
882 16
650 198
84 18
189 225
580 110
969 146
87 68
521 239
145 244
506 249
582 129
343 42
905 17
476 140
439 247
364 193
741 174
441 117
341 77
435 233
627 24
91 7
244 67
810 215
713 141
870 169
459 46
913 66
204 217
815 242
184 144
669 180
545 176
751 213
444 239
512 39
647 174
490 206
919 244
985 153
672 235
279 106
420 234
200 45
286 227
620 16
546 73
99 142
103 92
330 204
93 48
322 195
149 93
336 165
816 171
405 72
529 239
972 37
933 52
278 25
539 72
745 1
891 86
528 95
399 245
893 211
404 244
585 216
732 156
678 24
595 49
389 84
471 125
777 214
237 155
975 56
305 129
565 221
917 197
542 196
656 67
161 186
3 163
318 248
372 236
635 247
431 218
443 25
89 153
659 222
628 179
158 237
707 185
482 76
521 227
644 26
460 30
941 57
905 214
550 112
959 28
597 187
210 141
645 41
613 153
330 55
290 243
528 240
564 100
677 11
35 188
966 73
128 99
663 159
519 136
662 215
400 230
221 112
4 213
614 117
522 118
211 48
138 64
514 240
102 203
140 193
514 138
337 209
366 245
731 2
215 239
69 246
357 218
929 143
861 112
330 147
193 134
548 43
633 82
385 64
607 236
225 128
336 224
819 63
563 55
292 51
295 131
97 214
356 5
365 130
627 218
952 197
590 71
503 2
916 224
959 241
118 126
348 37
98 205
860 20
69 15
144 6
218 217
721 95
325 177
495 87
134 203
124 199
301 225
948 128
867 218
92 10
795 88
143 43
311 246
259 5
509 233
448 7
702 80
6 170
608 28
331 104
301 243
819 206
434 103
171 120
378 154
991 116
759 26
770 135
490 71
802 133
138 250
79 104
772 91
219 188
642 233
475 51
357 195
898 45
765 42
444 173
389 144
20 38
922 150
219 41
172 163
764 125
977 163
854 196
984 102
834 74
623 127
922 162
955 231
123 174
595 221
215 171
707 235
133 236
377 130
394 206
79 153
916 159
705 159
509 22
844 190
315 94
4 71
152 91
763 62
383 27
196 109
694 201
537 154
885 181
885 166
169 132
141 67
724 86
208 97
887 234
577 54
873 203
144 82
245 128
653 158
617 129
579 202
457 63
492 117
383 195
325 230
45 155
342 217
312 20
2 51
955 52
105 182
865 181
558 1
157 111
90 64
117 26
439 22
490 75
268 34
12 226
130 196
411 160
178 75
726 76
626 33
464 183
862 232
981 80
791 23
336 242
618 132
255 204
379 160
692 246
970 148
944 57
465 203
276 106
782 246
527 4
37 159
491 94
24 150
672 76
316 168
401 111
165 185
695 157
401 45
543 138
795 224
176 238
842 113
959 55
159 227
384 237
182 197
448 126
700 59
726 121
832 119
654 128
783 248
541 100
88 37
259 187
923 236
847 38
592 118
93 57
645 2
948 80
56 180
737 147
868 110
477 214
942 201
49 235
833 226
613 193
378 25
509 124
660 154
770 210
867 105
356 216
44 115
43 157
52 203
561 134
596 23
972 142
875 40
616 124
315 61
686 231
455 194
346 197
257 218
72 219
683 125
341 179
436 80
531 135
517 239
760 196
836 217
357 85
457 212
123 224
555 125
817 61
358 113
830 16
983 116
91 153
682 19
449 183
169 119
958 231
425 187
504 71
154 114
324 112
187 214
87 199
610 95
457 7
123 219
583 140
541 209
476 175
459 76
45 28
609 129
666 106
425 138
0 172
384 182
246 178
477 174
370 186
293 88
55 78
466 167
874 241
664 110
286 203
979 226
455 184
38 191
327 123
645 66
98 79
357 132
305 197
733 85
921 176
854 27
442 79
318 173
31 169
370 85
810 170
352 202
641 16
739 243
909 220
649 135
118 110
55 7
192 26
802 141
166 114
441 157
328 109
628 10
445 212
380 249
51 6
873 85
178 193
13 113
349 88
798 15
372 218
242 206
345 65
677 45
52 12
471 221
581 131
443 100
97 28
634 176
259 1
544 8
120 188
876 59
924 220
936 175
879 48
861 31
574 225
735 142
713 127
358 207
305 46
674 154
328 5
606 59
816 88
376 151
60 39
109 3
926 236
634 148
927 158
381 98
90 104
831 219
674 55
451 190
694 82
437 228
785 23
961 146
545 204
241 88
941 209
943 101
747 220
376 180
128 27
879 110
577 220
23 211
251 104
286 77
303 196
967 76
470 191
394 31
617 16
325 238
690 59
777 121
549 40
816 6
614 179
897 48
758 192
146 23
450 112
659 183
507 4
193 127
907 228
345 190
927 127
787 171
291 220
758 167
422 193
222 75
974 37
580 222
743 85
445 227
159 46
298 105
83 19
348 95
135 93
570 194
715 165
383 108
274 109
551 143
68 197
84 24
245 43
126 17
95 91
886 175
28 107
624 37
732 214
805 223
17 119
282 127
85 234
91 167
160 110
407 245
120 229
623 95
860 218
409 250
25 58
913 46
184 55
517 39
862 19
136 176
403 131
613 22
789 239
200 57
403 200
529 108
803 126
592 153
254 17
323 2
649 30
685 238
127 186
453 56
230 240
869 193
713 236
825 85
243 105
803 26
985 249
873 185
